START_B=1784607169.595139000
END_B=1784607197.513351000
