START_A=1784607169.595138000
END_A=1784607189.739635000
